                 主城区（111） 城乡结合区（112） 镇中心区（121） 镇乡结合区（122） 特殊区域（123） 乡中心区（210） 村庄（220）
北京市                    3430               426             214               202             298              21        2679
天津市                    2122               479             134               343              79              11        2353
河北省                    3456              2732            2474              8024             275            1259       35630
山西省                    1913               685            1412              1364             148             735       17208
内蒙古自治区              1402               167            1479               545             182             345       10306
辽宁省                    4010               784            1118               626             197             303        9338
吉林省                    1263               306            1003               612             101             230        8212
黑龙江省                  2006               324            1158               560             582             407        8842
上海市                    4296               435             416               183             105               9         744
江苏省                    4741              1905            2603              2970             434              75        9452
浙江省                    3695              2902            2120              2047              87             335       14341
安徽省                    1708               503            2302              1750             142             423       11478
福建省                    1776               707            1707              1440             123             394       11141
江西省                    2269               725            2381              2355             347            1076       12463
山东省                    5408              5925            3280              8783             406             153       51138
河南省                    3663              1788            3520              6283             146            1149       35782
湖北省                    3227              1276            1844              2432             423             358       18820
湖南省                    2286               831            3792              2865             123             622       18960
广东省                    4645              2622            1837              2535             255              18       14719
广西壮族自治区            1026               371            1210              1333             100             425       12085
海南省                     306                99             309               251              58              24        2268
重庆市                    1469               419             958               581              60             178        7559
四川省                    2776              1158            3784              1953             355             912       24487
贵州省                    1353               488            2331              1455             126             416       11693
云南省                     965               379            1129               728              67             588       10784
西藏自治区                 103                11             169                47               0             555        4628
陕西省                    2094               731            2400              1801             135              17       12738
甘肃省                     899               223            1749               921              74             408       13382
青海省                     263               115             357               296              25             240        3410
宁夏回族自治区             400                58             281               148              30             108        1824
新疆维吾尔自治区          1966               279            1324               657             359             798        9408
